[bg.jpg]
filters=CrossProcess=1,0.000000;radblur=1,0.511149,0.980456,-1.000000,-1.000000;
moddate=0000000000000000
width=2048
height=1077
textactive=0
